0.1610117211597779
0.00863664404688464
0.14373843306600864
0.15237507711289328
0.006785934608266502
0.06292412091301666
0.024059222702035782
0.003701418877236274
0.0
0.019123997532387416
0.005552128315854411
0.0
0.05120296113510179
0.03639728562615669
0.0
0.003701418877236274
0.04565083281924738
0.0
0.02961135101789019
0.01727328809376928
0.011721159777914868
0.019123997532387416
0.003701418877236274
0.006169031462060457
0.005552128315854411
0.0
0.0012338062924120913
0.00863664404688464
0.001850709438618137
0.040715607649599014
0.00987045033929673
0.028994447871684145
0.027143738433066007
0.0006169031462060457
0.0030845157310302285
0.0012338062924120913
0.03146206045650833
0.007402837754472548
0.00987045033929673
0.0
0.00987045033929673
