0.07197943444730077
0.16131105398457585
0.0012853470437017994
0.0
0.09254498714652956
0.009640102827763496
0.09832904884318766
0.04498714652956298
0.061053984575835475
0.0012853470437017994
0.07840616966580977
0.0
0.0006426735218508997
0.0019280205655526992
0.01992287917737789
0.02313624678663239
0.006426735218508998
0.0
0.0
0.0
0.04048843187660668
0.012210796915167094
0.007069408740359897
0.0038560411311053984
0.004498714652956298
0.012210796915167094
0.0
0.04113110539845758
0.028277634961439587
0.0
0.02056555269922879
0.0
0.0
0.007069408740359897
0.032776349614395885
0.02699228791773779
0.0
0.06683804627249357
0.011568123393316195
0.011568123393316195
0.0
