0.10556621880998081
0.008637236084452975
0.0671785028790787
0.06525911708253358
0.10940499040307101
0.09596928982725528
0.10940499040307101
0.014395393474088292
0.0067178502879078695
0.0067178502879078695
0.011516314779270634
0.0
0.013435700575815739
0.023032629558541268
0.0019193857965451055
0.013435700575815739
0.011516314779270634
0.0
0.02111324376199616
0.01727447216890595
0.03262955854126679
0.04222648752399232
0.0028790786948176585
0.009596928982725527
0.0047984644913627635
0.0
0.0
0.07581573896353166
0.007677543186180422
0.0067178502879078695
0.03550863723608445
0.0
0.03358925143953935
0.0019193857965451055
0.0067178502879078695
0.007677543186180422
0.009596928982725527
0.0067178502879078695
0.0028790786948176585
0.005758157389635317
0.0047984644913627635
