0.06150978564771668
0.11183597390493942
0.03727865796831314
0.06896551724137931
0.03168685927306617
0.05405405405405406
0.097856477166822
0.05684995340167754
0.06150978564771668
0.0027958993476234857
0.023299161230195712
0.0
0.007455731593662628
0.0027958993476234857
0.05032618825722274
0.05778191985088537
0.011183597390493943
0.007455731593662628
0.0065237651444548
0.001863932898415657
0.014911463187325256
0.015843429636533086
0.009319664492078284
0.008387698042870456
0.007455731593662628
0.010251630941286114
0.0065237651444548
0.01863932898415657
0.03727865796831314
0.007455731593662628
0.013979496738117428
0.0
0.0027958993476234857
0.034482758620689655
0.0065237651444548
0.024231127679403542
0.001863932898415657
0.008387698042870456
0.004659832246039142
0.011183597390493943
0.0027958993476234857
