0.2617769827072153
0.0
0.1419200954084675
0.1806797853309481
0.0
0.02623732856290996
0.017889087656529516
0.0005963029218843172
0.0
0.005366726296958855
0.0
0.0
0.09719737626714371
0.02564102564102564
0.0
0.01311866428145498
0.02385211687537269
0.0
0.022659511031604056
0.011926058437686345
0.01073345259391771
0.011329755515802028
0.005963029218843173
0.011926058437686345
0.004770423375074538
0.0
0.002385211687537269
0.002385211687537269
0.0
0.03935599284436494
0.02385211687537269
0.01073345259391771
0.0172927847346452
0.0
0.0029815146094215863
0.0
0.010137149672033392
0.0
0.0017889087656529517
0.0029815146094215863
0.012522361359570662
