0.04579517069109076
0.2048293089092423
0.01498751040799334
0.042464612822647796
0.10324729392173189
0.03164029975020816
0.029142381348875937
0.04995836802664446
0.025811823480432972
0.004163197335553705
0.10491257285595337
0.0
0.002497918401332223
0.0
0.002497918401332223
0.027477102414654453
0.004163197335553705
0.08409658617818484
0.002497918401332223
0.0016652789342214821
0.05578684429641965
0.029142381348875937
0.0
0.004163197335553705
0.0016652789342214821
0.0
0.022481265611990008
0.0
0.038301415487094086
0.0033305578684429643
0.004995836802664446
0.004163197335553705
0.0
0.004995836802664446
0.0033305578684429643
0.0033305578684429643
0.002497918401332223
0.00832639467110741
0.0
0.028309741881765195
0.0033305578684429643
