0.17318727177882107
0.009389671361502348
0.013562858633281168
0.0198226395409494
0.019300991131977047
0.08085550339071466
0.08346374543557643
0.07668231611893583
0.07511737089201878
0.005216484089723527
0.0026082420448617634
0.0
0.0
0.0
0.018257694314032343
0.025039123630672927
0.005216484089723527
0.001564945226917058
0.0036515388628064684
0.004694835680751174
0.010432968179447054
0.03286384976525822
0.023474178403755867
0.024517475221700575
0.022430881585811163
0.05372978612415232
0.0026082420448617634
0.013041210224308816
0.023474178403755867
0.0
0.0099113197704747
0.0
0.0
0.08711528429838289
0.022952529994783515
0.02190923317683881
0.0010432968179447052
0.01773604590505999
0.00782472613458529
0.007303077725612937
0.0
