0.09333333333333334
0.34814814814814815
0.040740740740740744
0.014814814814814815
0.0
0.028888888888888888
0.040740740740740744
0.022962962962962963
0.0022222222222222222
0.03851851851851852
0.04
0.0
0.005925925925925926
0.028888888888888888
0.0
0.011851851851851851
0.0014814814814814814
0.0
0.028888888888888888
0.01925925925925926
0.0
0.0014814814814814814
0.047407407407407405
0.02666666666666667
0.03925925925925926
0.016296296296296295
0.011851851851851851
0.008888888888888889
0.0
0.0014814814814814814
0.003703703703703704
0.0
0.024444444444444446
0.0
0.003703703703703704
0.02074074074074074
0.005925925925925926
0.0
0.014814814814814815
0.006666666666666667
0.0
