0.09154929577464789
0.013444302176696543
0.18758002560819462
0.10947503201024328
0.04801536491677337
0.10115236875800256
0.046094750320102434
0.008322663252240717
0.0038412291933418692
0.005761843790012804
0.008322663252240717
0.0
0.03137003841229193
0.019846350832266324
0.0006402048655569782
0.01088348271446863
0.016645326504481434
0.0
0.017285531370038413
0.02880921895006402
0.03841229193341869
0.01792573623559539
0.008322663252240717
0.007042253521126761
0.014084507042253521
0.0006402048655569782
0.003201024327784891
0.016005121638924456
0.007042253521126761
0.019206145966709345
0.008962868117797696
0.027528809218950064
0.008962868117797696
0.0
0.008322663252240717
0.0038412291933418692
0.010243277848911651
0.04033290653008963
0.008322663252240717
0.0
0.002560819462227913
