0.2895247332686712
0.00048496605237633366
0.007759456838021339
0.014548981571290009
0.0038797284190106693
0.05577109602327837
0.05868089233753637
0.06644034917555772
0.08244422890397672
0.004364694471387003
0.0024248302618816685
0.0
0.0
0.001454898157129001
0.02424830261881668
0.030067895247332686
0.006304558680892337
0.0
0.0038797284190106693
0.004849660523763337
0.019398642095053348
0.042192046556741025
0.01212415130940834
0.01697381183317168
0.0019398642095053346
0.031037827352085354
0.0024248302618816685
0.014548981571290009
0.029582929194956354
0.0019398642095053346
0.008729388942774006
0.0
0.0
0.05577109602327837
0.0489815712900097
0.012609117361784675
0.0
0.03685741998060136
0.004364694471387003
0.0033947623666343357
0.0
