0.28955696202531644
0.004746835443037975
0.12420886075949367
0.021360759493670885
0.0031645569620253164
0.04113924050632911
0.022151898734177215
0.0
0.0007911392405063291
0.13686708860759494
0.0
0.0
0.014240506329113924
0.05063291139240506
0.0
0.0031645569620253164
0.029272151898734177
0.0
0.03639240506329114
0.010284810126582278
0.0023734177215189874
0.0031645569620253164
0.03322784810126582
0.021360759493670885
0.02689873417721519
0.0
0.0031645569620253164
0.022151898734177215
0.0
0.0015822784810126582
0.004746835443037975
0.0
0.013449367088607595
0.0
0.0015822784810126582
0.0031645569620253164
0.014240506329113924
0.0
0.0023734177215189874
0.0
0.058544303797468354
