0.040948275862068964
0.15086206896551724
0.003232758620689655
0.014008620689655173
0.061422413793103446
0.03017241379310345
0.05495689655172414
0.11745689655172414
0.0980603448275862
0.004310344827586207
0.05064655172413793
0.0
0.0
0.0
0.0625
0.036637931034482756
0.0
0.0
0.008620689655172414
0.0
0.00646551724137931
0.02586206896551724
0.014008620689655173
0.016163793103448277
0.003232758620689655
0.032327586206896554
0.018318965517241378
0.005387931034482759
0.010775862068965518
0.0
0.004310344827586207
0.0
0.0
0.028017241379310345
0.016163793103448277
0.04202586206896552
0.0010775862068965517
0.02478448275862069
0.0
0.017241379310344827
0.0
