0.08339594290007513
0.29902329075882794
0.039819684447783624
0.021788129226145755
0.0
0.032306536438767845
0.04282494365138993
0.03005259203606311
0.0067618332081141996
0.03906836964688205
0.037565740045078885
0.0
0.008264462809917356
0.03305785123966942
0.0
0.012772351615326822
0.0015026296018031556
0.0
0.02629601803155522
0.018031555221637866
0.0
0.010518407212622089
0.05108940646130729
0.02779864763335838
0.039819684447783624
0.018031555221637866
0.018031555221637866
0.011269722013523666
0.0
0.0015026296018031556
0.006010518407212622
0.0
0.01652892561983471
0.0
0.003005259203606311
0.019534184823441023
0.010518407212622089
0.003005259203606311
0.0202854996243426
0.010518407212622089
0.0
