0.17291414752116083
0.0024183796856106408
0.1656590084643289
0.08827085852478839
0.0012091898428053204
0.08343409915356712
0.015719467956469165
0.0036275695284159614
0.0
0.016928657799274487
0.0
0.0
0.04353083434099154
0.03506650544135429
0.0012091898428053204
0.0
0.041112454655380895
0.0
0.030229746070133012
0.018137847642079808
0.012091898428053204
0.0012091898428053204
0.008464328899637243
0.020556227327690448
0.008464328899637243
0.0
0.0048367593712212815
0.0036275695284159614
0.0
0.02539298669891173
0.0
0.12212817412333736
0.020556227327690448
0.0
0.0024183796856106408
0.0024183796856106408
0.03143893591293833
0.0
0.013301088270858524
0.0
0.0036275695284159614
