0.06529516994633273
0.26118067978533094
0.08944543828264759
0.03309481216457961
0.0017889087656529517
0.04293381037567084
0.026833631484794274
0.014311270125223614
0.009838998211091235
0.03577817531305903
0.046511627906976744
0.0
0.012522361359570662
0.050983899821109124
0.0
0.0017889087656529517
0.004472271914132379
0.0
0.01699463327370304
0.05992844364937388
0.0
0.0
0.03577817531305903
0.023255813953488372
0.052772808586762074
0.011627906976744186
0.007155635062611807
0.0
0.0
0.0
0.027728085867620753
0.01073345259391771
0.01967799642218247
0.0
0.0
0.006261180679785331
0.005366726296958855
0.0
0.022361359570661897
0.0
0.0035778175313059034
