0.2028397565922921
0.13725490196078433
0.08586883029073698
0.03177822853279243
0.004732927653820149
0.03583502366463827
0.010141987829614604
0.012846517917511832
0.002028397565922921
0.12305611899932387
0.038539553752535496
0.0
0.008113590263691683
0.030425963488843813
0.0
0.0
0.054090601757944556
0.0
0.023664638269100743
0.010818120351588911
0.004056795131845842
0.005409060175794456
0.022988505747126436
0.021636240703177823
0.029749830966869506
0.004056795131845842
0.00878972278566599
0.0067613252197430695
0.000676132521974307
0.002028397565922921
0.014198782961460446
0.0
0.010818120351588911
0.0
0.010818120351588911
0.0
0.006085192697768763
0.0
0.0033806626098715348
0.002704530087897228
0.03380662609871535
