0.3123249299719888
0.03081232492997199
0.04481792717086835
0.031512605042016806
0.004901960784313725
0.01750700280112045
0.009103641456582634
0.008403361344537815
0.0028011204481792717
0.17086834733893558
0.01680672268907563
0.0
0.0070028011204481795
0.03361344537815126
0.0
0.0007002801120448179
0.0896358543417367
0.0
0.0070028011204481795
0.0056022408963585435
0.0056022408963585435
0.0063025210084033615
0.014005602240896359
0.004901960784313725
0.015406162464985995
0.0028011204481792717
0.01750700280112045
0.008403361344537815
0.0
0.004201680672268907
0.01050420168067227
0.0014005602240896359
0.012605042016806723
0.0
0.004201680672268907
0.0035014005602240898
0.004201680672268907
0.0
0.0021008403361344537
0.0
0.08893557422969188
