0.1802701115678215
0.2554315913094539
0.011156782149148562
0.002935995302407516
0.07339988256018791
0.011156782149148562
0.04932472108044627
0.11626541397533764
0.005871990604815032
0.0035231943628890195
0.06928948913681739
0.0
0.0
0.0
0.0005871990604815032
0.0017615971814445098
0.0
0.0
0.004697592483852026
0.0064591896652965355
0.002348796241926013
0.009982384028185555
0.017028772753963594
0.022900763358778626
0.017028772753963594
0.05578391074574281
0.009395184967704051
0.007046388725778039
0.002935995302407516
0.0
0.007046388725778039
0.0
0.0
0.0
0.0064591896652965355
0.002935995302407516
0.0
0.005284791544333529
0.0035231943628890195
0.03816793893129771
0.0
