0.12738301559792028
0.005199306759098787
0.2651646447140381
0.06239168110918544
0.005199306759098787
0.07712305025996534
0.010398613518197574
0.004332755632582322
0.0008665511265164644
0.038128249566724434
0.0017331022530329288
0.0
0.03552859618717504
0.05632582322357019
0.0
0.0034662045060658577
0.016464471403812825
0.0
0.036395147313691506
0.03119584055459272
0.012131715771230503
0.0017331022530329288
0.004332755632582322
0.0
0.02772963604852686
0.0
0.02512998266897747
0.0034662045060658577
0.0017331022530329288
0.02079722703639515
0.0025996533795493936
0.043327556325823226
0.024263431542461005
0.0
0.0034662045060658577
0.0
0.02079722703639515
0.0008665511265164644
0.024263431542461005
0.0
0.006065857885615251
