0.021904761904761906
0.007619047619047619
0.0038095238095238095
0.013333333333333334
0.3419047619047619
0.01904761904761905
0.03333333333333333
0.04285714285714286
0.017142857142857144
0.009523809523809525
0.0019047619047619048
0.0019047619047619048
0.0
0.0
0.004761904761904762
0.02857142857142857
0.0019047619047619048
0.31047619047619046
0.002857142857142857
0.004761904761904762
0.02666666666666667
0.015238095238095238
0.0019047619047619048
0.0
0.0
0.0
0.015238095238095238
0.002857142857142857
0.013333333333333334
0.0
0.0
0.0
0.0
0.01619047619047619
0.002857142857142857
0.0019047619047619048
0.0038095238095238095
0.007619047619047619
0.0
0.022857142857142857
0.0019047619047619048
