0.05066250974279034
0.006495193556767992
0.005715770329955833
0.010652117433099507
0.025201351000259806
0.048324240062353856
0.12574694725902832
0.08651597817614964
0.16497791634190698
0.002598077422707197
0.007014809041309431
0.0
0.0
0.0010392309690828788
0.03923096908287867
0.036632891660171474
0.001558846453624318
0.0
0.005196154845414394
0.003897116134060795
0.04001039230969083
0.026500389711613406
0.00857365549493375
0.019225772928033256
0.003897116134060795
0.028838659392049885
0.0
0.026760197453884124
0.036373083917900756
0.0002598077422707197
0.011431540659911666
0.0
0.0
0.07846193816575733
0.041829046505585867
0.012210963886723825
0.0
0.033775006495193556
0.006495193556767992
0.003897116134060795
0.0
