0.0958498023715415
0.007905138339920948
0.3231225296442688
0.037549407114624504
0.003952569169960474
0.0800395256916996
0.03557312252964427
0.004940711462450593
0.0
0.023715415019762844
0.0029644268774703555
0.0
0.011857707509881422
0.018774703557312252
0.0
0.005928853754940711
0.010869565217391304
0.0009881422924901185
0.05434782608695652
0.037549407114624504
0.03260869565217391
0.0
0.02865612648221344
0.019762845849802372
0.044466403162055336
0.003952569169960474
0.019762845849802372
0.00691699604743083
0.0
0.0029644268774703555
0.0029644268774703555
0.015810276679841896
0.010869565217391304
0.0
0.004940711462450593
0.0029644268774703555
0.016798418972332016
0.001976284584980237
0.008893280632411068
0.0
0.019762845849802372
