0.010680157391793142
0.05002810567734682
0.0016863406408094434
0.008993816750983699
0.05789769533445756
0.029792017987633503
0.044969083754918496
0.06520517144463181
0.25126475548060706
0.0016863406408094434
0.025295109612141653
0.0
0.0
0.0
0.20404721753794267
0.05508712759977515
0.0
0.0
0.0039347948285553686
0.0
0.00955593029792018
0.016301292861157952
0.005621135469364812
0.005621135469364812
0.002810567734682406
0.01011804384485666
0.0011242270938729624
0.00505902192242833
0.07026419336706015
0.0011242270938729624
0.00505902192242833
0.0
0.0
0.023608768971332208
0.006183249016301293
0.012928611579539067
0.0
0.011804384485666104
0.0011242270938729624
0.0011242270938729624
0.0
