0.2816581487791028
0.14480408858603067
0.008517887563884156
0.003975014196479273
0.044293015332197615
0.009653605905735378
0.030664395229982964
0.11641113003975014
0.006246450880181715
0.003975014196479273
0.04088586030664395
0.0
0.0
0.0028392958546280523
0.0017035775127768314
0.009085746734809767
0.0028392958546280523
0.0
0.008517887563884156
0.003975014196479273
0.0005678591709256105
0.010221465076660987
0.028960817717206135
0.029528676888131742
0.01590005678591709
0.09142532651902328
0.014764338444065871
0.0068143100511073255
0.002271436683702442
0.0
0.0017035775127768314
0.0
0.0
0.0
0.01249290176036343
0.005110732538330494
0.0
0.0056785917092561046
0.0017035775127768314
0.05281090289608177
0.0
