0.09433962264150944
0.09748427672955975
0.129979035639413
0.02620545073375262
0.011530398322851153
0.050314465408805034
0.016771488469601678
0.018867924528301886
0.040880503144654086
0.10482180293501048
0.025157232704402517
0.0
0.0
0.0440251572327044
0.0
0.02620545073375262
0.006289308176100629
0.0
0.009433962264150943
0.041928721174004195
0.0010482180293501049
0.0041928721174004195
0.025157232704402517
0.029350104821802937
0.039832285115303984
0.020964360587002098
0.07232704402515723
0.0031446540880503146
0.0
0.0031446540880503146
0.008385744234800839
0.0
0.016771488469601678
0.0
0.0
0.0041928721174004195
0.0031446540880503146
0.0020964360587002098
0.0220125786163522
0.0
0.0
