0.1411042944785276
0.0034083162917518746
0.10497614178595774
0.2828902522154056
0.0034083162917518746
0.03749147920927062
0.012269938650306749
0.0
0.0013633265167007499
0.029993183367416496
0.0
0.0
0.053169734151329244
0.05248807089297887
0.0
0.0027266530334014998
0.04703476482617587
0.0
0.021813224267211998
0.014996591683708248
0.013633265167007498
0.008861622358554875
0.0
0.006816632583503749
0.0027266530334014998
0.0
0.00408997955010225
0.0034083162917518746
0.0
0.03067484662576687
0.0054533060668029995
0.026584867075664622
0.021813224267211998
0.0
0.0027266530334014998
0.002044989775051125
0.04294478527607362
0.0034083162917518746
0.008861622358554875
0.0
0.006816632583503749
