0.14355400696864112
0.16306620209059233
0.16306620209059233
0.0397212543554007
0.0
0.04808362369337979
0.020209059233449476
0.009059233449477353
0.0027874564459930314
0.03832752613240418
0.047386759581881537
0.0
0.02926829268292683
0.036933797909407665
0.0
0.0013937282229965157
0.037630662020905925
0.0
0.02229965156794425
0.018815331010452963
0.010452961672473868
0.003484320557491289
0.016724738675958188
0.010452961672473868
0.030662020905923345
0.0020905923344947735
0.007665505226480836
0.016724738675958188
0.0
0.004181184668989547
0.011149825783972125
0.005574912891986063
0.01602787456445993
0.0
0.0
0.004181184668989547
0.011149825783972125
0.0
0.005574912891986063
0.0
0.02229965156794425
