0.16019417475728157
0.0
0.220873786407767
0.07342233009708737
0.00849514563106796
0.11771844660194175
0.021844660194174758
0.003033980582524272
0.0012135922330097086
0.025485436893203883
0.0048543689320388345
0.0
0.03762135922330097
0.050970873786407765
0.0
0.0036407766990291263
0.01820388349514563
0.0
0.026092233009708737
0.026092233009708737
0.023058252427184466
0.0024271844660194173
0.0036407766990291263
0.006674757281553398
0.007281553398058253
0.0
0.0024271844660194173
0.0006067961165048543
0.0
0.01820388349514563
0.003033980582524272
0.041868932038834954
0.02063106796116505
0.0
0.009708737864077669
0.0006067961165048543
0.027305825242718445
0.0
0.023058252427184466
0.0
0.009708737864077669
