0.1075
0.21583333333333332
0.050833333333333335
0.019166666666666665
0.0033333333333333335
0.035
0.05583333333333333
0.0275
0.021666666666666667
0.034166666666666665
0.025833333333333333
0.0
0.0033333333333333335
0.025833333333333333
0.0
0.03666666666666667
0.0
0.0
0.014166666666666666
0.019166666666666665
0.0008333333333333334
0.0025
0.0575
0.03
0.059166666666666666
0.025
0.0575
0.009166666666666667
0.0016666666666666668
0.0
0.0033333333333333335
0.0
0.009166666666666667
0.0
0.0
0.0125
0.0
0.0033333333333333335
0.0325
0.0
0.0
