0.03491755577109602
0.12124151309408342
0.0019398642095053346
0.013094083414161009
0.13579049466537343
0.018913676042677012
0.0475266731328807
0.07080504364694472
0.05140640155189137
0.0033947623666343357
0.06159068865179437
0.00048496605237633366
0.0
0.001454898157129001
0.04558680892337536
0.03734238603297769
0.009699321047526674
0.17749757516973813
0.0
0.001454898157129001
0.026188166828322017
0.02376333656644035
0.0033947623666343357
0.00533462657613967
0.001454898157129001
0.002909796314258002
0.01697381183317168
0.002909796314258002
0.020368574199806012
0.0
0.001454898157129001
0.0
0.0
0.01697381183317168
0.004849660523763337
0.002909796314258002
0.0
0.004364694471387003
0.0019398642095053346
0.030067895247332686
0.0
