0.04665071770334928
0.014354066985645933
0.0
0.019138755980861243
0.23564593301435408
0.02631578947368421
0.034688995215311005
0.09210526315789473
0.02033492822966507
0.019138755980861243
0.0
0.0011961722488038277
0.0
0.0023923444976076554
0.004784688995215311
0.05382775119617225
0.007177033492822967
0.23086124401913877
0.0
0.004784688995215311
0.04425837320574163
0.025119617224880382
0.0023923444976076554
0.0023923444976076554
0.0023923444976076554
0.0
0.019138755980861243
0.0023923444976076554
0.029904306220095694
0.0
0.0
0.0
0.0
0.022727272727272728
0.005980861244019139
0.0
0.0023923444976076554
0.008373205741626795
0.0
0.019138755980861243
0.0
