0.12268677176148046
0.2570253598355038
0.03769705277587389
0.009595613433858808
0.04455106237148732
0.09869773817683344
0.03495544893762851
0.04043865661411926
0.0
0.02604523646333105
0.03289924605894448
0.0
0.0013708019191226869
0.015078821110349555
0.0
0.00411240575736806
0.006854009595613434
0.0
0.01644962302947224
0.026730637422892393
0.0006854009595613434
0.00616860863605209
0.041809458533241944
0.025359835503769704
0.022618231665524333
0.01233721727210418
0.029472241261137764
0.004797806716929404
0.0006854009595613434
0.0
0.0205620287868403
0.0
0.008910212474297465
0.0
0.013022618231665525
0.018505825908156272
0.0
0.0
0.01233721727210418
0.0075394105551747775
0.0
