0.013010053222945003
0.07628622117090479
0.0029568302779420462
0.00768775872264932
0.0833826138379657
0.05558840922531047
0.0898876404494382
0.11176818450620934
0.1028976936723832
0.0005913660555884093
0.03252513305736251
0.0
0.0
0.0
0.0638675340035482
0.0904790065050266
0.0005913660555884093
0.008870490833826138
0.0029568302779420462
0.0011827321111768185
0.01537551744529864
0.011235955056179775
0.011235955056179775
0.013010053222945003
0.005322294500295683
0.013601419278533412
0.017740981667652277
0.021289178001182733
0.05736250739207569
0.0005913660555884093
0.010053222945002957
0.0
0.0005913660555884093
0.019515079834417505
0.009461856889414548
0.04021289178001183
0.0005913660555884093
0.002365464222353637
0.0059136605558840925
0.0
0.0
