0.2647058823529412
0.0
0.11764705882352941
0.11455108359133127
0.0
0.032507739938080496
0.018575851393188854
0.0
0.0
0.01393188854489164
0.0
0.0
0.09907120743034056
0.04489164086687306
0.0
0.0
0.05108359133126935
0.0
0.018575851393188854
0.01393188854489164
0.006191950464396285
0.009287925696594427
0.0015479876160990713
0.007739938080495356
0.0015479876160990713
0.0030959752321981426
0.0
0.0
0.0
0.020123839009287926
0.0
0.06346749226006192
0.020123839009287926
0.0
0.029411764705882353
0.0
0.03560371517027864
0.0
0.006191950464396285
0.0
0.006191950464396285
