0.14834205933682373
0.09947643979057591
0.03926701570680628
0.02443280977312391
0.07242582897033159
0.07242582897033159
0.037521815008726006
0.05759162303664921
0.002617801047120419
0.031413612565445025
0.014834205933682374
0.0
0.0
0.008726003490401396
0.0
0.013089005235602094
0.006108202443280977
0.0
0.02181500872600349
0.030541012216404886
0.0008726003490401396
0.011343804537521814
0.04799301919720768
0.049738219895287955
0.027050610820244327
0.019197207678883072
0.060209424083769635
0.006108202443280977
0.0
0.0
0.02530541012216405
0.0
0.010471204188481676
0.0
0.019197207678883072
0.02443280977312391
0.0
0.0017452006980802793
0.011343804537521814
0.004363001745200698
0.0
