0.008695652173913044
0.09710144927536232
0.009420289855072464
0.0
0.010144927536231883
0.031159420289855074
0.34855072463768116
0.03260869565217391
0.04057971014492753
0.002173913043478261
0.031159420289855074
0.0
0.0
0.0
0.05579710144927536
0.02318840579710145
0.0
0.0
0.0014492753623188406
0.0
0.014492753623188406
0.021014492753623187
0.010869565217391304
0.005072463768115942
0.0
0.03695652173913044
0.0
0.08840579710144927
0.016666666666666666
0.0
0.012318840579710146
0.0
0.0
0.010869565217391304
0.015217391304347827
0.04710144927536232
0.0
0.013043478260869565
0.013043478260869565
0.002898550724637681
0.0
