0.2496493688639551
0.0
0.04628330995792426
0.12061711079943899
0.043478260869565216
0.06311360448807854
0.037868162692847124
0.014025245441795231
0.002805049088359046
0.051893408134642355
0.005610098176718092
0.0
0.02664796633941094
0.0182328190743338
0.0
0.012622720897615708
0.07012622720897616
0.0
0.015427769985974754
0.03225806451612903
0.016830294530154277
0.021037868162692847
0.001402524544179523
0.005610098176718092
0.004207573632538569
0.0
0.0
0.001402524544179523
0.002805049088359046
0.009817671809256662
0.02244039270687237
0.0
0.0182328190743338
0.001402524544179523
0.009817671809256662
0.001402524544179523
0.021037868162692847
0.005610098176718092
0.009817671809256662
0.014025245441795231
0.02244039270687237
