0.3680203045685279
0.21192893401015228
0.020939086294416244
0.008248730964467006
0.007614213197969543
0.015862944162436547
0.020939086294416244
0.03362944162436548
0.0031725888324873096
0.011421319796954314
0.031725888324873094
0.0
0.0
0.0038071065989847717
0.0006345177664974619
0.025380710659898477
0.007614213197969543
0.0
0.004441624365482234
0.024746192893401017
0.0
0.008248730964467006
0.02030456852791878
0.02982233502538071
0.015228426395939087
0.028553299492385786
0.015862944162436547
0.0031725888324873096
0.0012690355329949238
0.0
0.01967005076142132
0.0
0.0019035532994923859
0.0
0.012690355329949238
0.0012690355329949238
0.0
0.006979695431472081
0.0025380710659898475
0.03236040609137056
0.0
