0.2668849774866967
0.0012279983626688497
0.09946786737617683
0.1981170691772411
0.0012279983626688497
0.02005730659025788
0.01637331150225133
0.0012279983626688497
0.0
0.006958657388456815
0.002046663937781416
0.0
0.10437986082685223
0.03192795742939009
0.0
0.002046663937781416
0.02865329512893983
0.0
0.019238641015145313
0.013098649201801064
0.015554645927138764
0.015963978714695046
0.0045026606631191155
0.006549324600900532
0.005321326238231682
0.0
0.00040933278755628325
0.007367990176013099
0.0
0.03724928366762178
0.022103970528039297
0.012689316414244782
0.022103970528039297
0.0
0.0036839950880065493
0.0
0.010233319688907082
0.0
0.008186655751125664
0.0028653295128939827
0.012279983626688497
