0.011738401341531582
0.05925097820011179
0.007825600894354388
0.007825600894354388
0.09949692565679151
0.04024594745667971
0.045835662381218556
0.07322526551145891
0.2062604807154835
0.0
0.01956400223588597
0.0
0.0
0.0005589714924538849
0.21185019564002236
0.06092789267747345
0.0
0.008384572386808273
0.0
0.0
0.008943543879262158
0.009502515371716043
0.003912800447177194
0.0
0.0016769144773616546
0.006707657909446618
0.004471771939631079
0.0
0.05477920626048072
0.0
0.0022358859698155395
0.0
0.0
0.023476802683063163
0.006707657909446618
0.015651201788708775
0.0005589714924538849
0.005589714924538848
0.002794857462269424
0.0
0.0
