0.1047040971168437
0.004552352048558422
0.19726858877086495
0.16995447647951442
0.004552352048558422
0.04704097116843703
0.010622154779969651
0.0030349013657056147
0.0030349013657056147
0.05614567526555387
0.0030349013657056147
0.0015174506828528073
0.03945371775417299
0.03490136570561457
0.0
0.007587253414264037
0.036418816388467376
0.0
0.042488619119878605
0.02276176024279211
0.006069802731411229
0.015174506828528073
0.004552352048558422
0.009104704097116844
0.0030349013657056147
0.0
0.0015174506828528073
0.0
0.0
0.07890743550834597
0.0030349013657056147
0.021244309559939303
0.028831562974203338
0.0015174506828528073
0.007587253414264037
0.0
0.021244309559939303
0.0
0.009104704097116844
0.0
0.0
