0.13983739837398373
0.03414634146341464
0.09024390243902439
0.1048780487804878
0.044715447154471545
0.06260162601626017
0.05853658536585366
0.026016260162601626
0.0032520325203252032
0.01707317073170732
0.03414634146341464
0.0016260162601626016
0.044715447154471545
0.01788617886178862
0.0008130081300813008
0.01951219512195122
0.01707317073170732
0.0
0.008130081300813009
0.027642276422764227
0.034959349593495934
0.014634146341463415
0.0065040650406504065
0.00894308943089431
0.0040650406504065045
0.0
0.005691056910569106
0.04796747967479675
0.0040650406504065045
0.026016260162601626
0.030894308943089432
0.005691056910569106
0.0040650406504065045
0.0032520325203252032
0.004878048780487805
0.0024390243902439024
0.01056910569105691
0.014634146341463415
0.011382113821138212
0.004878048780487805
0.0016260162601626016
