0.16105176663927692
0.0238290879211175
0.1791290057518488
0.15365653245686114
0.003286770747740345
0.06491372226787182
0.03368940016433854
0.005751848808545604
0.0024650780608052587
0.003286770747740345
0.00657354149548069
0.0
0.05505341002465078
0.04026294165981923
0.0
0.004108463434675432
0.024650780608052588
0.0
0.029580936729663106
0.01972062448644207
0.011503697617091208
0.016433853738701727
0.010682004930156122
0.01314708299096138
0.009860312243221035
0.0008216926869350862
0.0008216926869350862
0.008216926869350863
0.0
0.03944124897288414
0.021364009860312245
0.011503697617091208
0.014790468364831553
0.0008216926869350862
0.0016433853738701725
0.0024650780608052587
0.01314708299096138
0.0
0.00657354149548069
0.0
0.005751848808545604
