0.16727009413468502
0.0
0.07241129616220131
0.12961622013034033
0.06372194062273714
0.12599565532223025
0.04561911658218682
0.018102824040550327
0.0
0.06299782766111513
0.0
0.0
0.0
0.018102824040550327
0.0
0.004344677769732078
0.06879073135409124
0.0
0.018102824040550327
0.04055032585083273
0.01955104996379435
0.02172338884866039
0.0
0.005792903692976104
0.0
0.0
0.022447501810282405
0.001448225923244026
0.001448225923244026
0.011585807385952208
0.010861694424330196
0.0
0.003620564808110065
0.0
0.024619840695148443
0.001448225923244026
0.0065170166545981175
0.002172338884866039
0.004344677769732078
0.011585807385952208
0.015206372194062274
