0.008142116950407105
0.003700962250185048
0.005921539600296077
0.014063656550703183
0.6276831976313841
0.05847520355292376
0.011843079200592153
0.01924500370096225
0.008142116950407105
0.014063656550703183
0.006661732050333087
0.012583271650629163
0.0007401924500370096
0.0014803849000740192
0.0
0.006661732050333087
0.003700962250185048
0.0
0.0029607698001480384
0.0044411547002220575
0.046632124352331605
0.028127313101406367
0.0022205773501110288
0.0014803849000740192
0.0
0.0
0.053293856402664694
0.0
0.010362694300518135
0.0
0.0
0.0007401924500370096
0.0
0.009622501850481125
0.0022205773501110288
0.0014803849000740192
0.0
0.02220577350111029
0.0022205773501110288
0.0051813471502590676
0.003700962250185048
